    1.2383   -2.0255    0.5030
    1.5279   -1.8170    0.5030
    1.7830   -1.5675    0.5030
    1.9977   -1.2825    0.5030
    2.1674   -0.9686    0.5030
    2.2881   -0.6328    0.5030
    2.3571   -0.2827    0.5030
    2.1486   -0.2577    1.0120
    2.0857   -0.5768    1.0120
    1.9757   -0.8829    1.0120
    1.8210   -1.1691    1.0120
    1.6252   -1.4288    1.0120
    1.3927   -1.6563    1.0120
    1.1288   -1.8463    1.0120
   -0.9337   -2.1827    0.5030
   -0.5960   -2.2980    0.5030
   -0.2449   -2.3613    0.5030
    0.1118   -2.3714    0.5030
    0.4660   -2.3278    0.5030
    0.8096   -2.2317    0.5030
    1.1350   -2.0851    0.5030
    1.0346   -1.9007    1.0120
    0.7380   -2.0343    1.0120
    0.4248   -2.1219    1.0120
    0.1019   -2.1616    1.0120
   -0.2232   -2.1525    1.0120
   -0.5433   -2.0947    1.0120
   -0.8511   -1.9896    1.0120
   -2.3733   -0.0597    0.5030
   -2.3375   -0.4147    0.5030
   -2.2489   -0.7604    0.5030
   -2.1096   -1.0888    0.5030
   -1.9226   -1.3927    0.5030
   -1.6921   -1.6651    0.5030
   -1.4234   -1.8999    0.5030
   -1.2975   -1.7319    1.0120
   -1.5424   -1.5178    1.0120
   -1.7525   -1.2695    1.0120
   -1.9230   -0.9925    1.0120
   -2.0500   -0.6931    1.0120
   -2.1307   -0.3780    1.0120
   -2.1633   -0.0544    1.0120
   -1.4234    1.8999    0.5030
   -1.6921    1.6651    0.5030
   -1.9226    1.3927    0.5030
   -2.1096    1.0888    0.5030
   -2.2489    0.7604    0.5030
   -2.3375    0.4147    0.5030
   -2.3733    0.0597    0.5030
   -2.1633    0.0544    1.0120
   -2.1307    0.3780    1.0120
   -2.0500    0.6931    1.0120
   -1.9230    0.9925    1.0120
   -1.7525    1.2695    1.0120
   -1.5424    1.5178    1.0120
   -1.2975    1.7319    1.0120
    1.1350    2.0851    0.5030
    0.8096    2.2317    0.5030
    0.4660    2.3278    0.5030
    0.1118    2.3714    0.5030
   -0.2449    2.3613    0.5030
   -0.5960    2.2980    0.5030
   -0.9337    2.1827    0.5030
   -0.8511    1.9896    1.0120
   -0.5433    2.0947    1.0120
   -0.2232    2.1525    1.0120
    0.1019    2.1616    1.0120
    0.4248    2.1219    1.0120
    0.7380    2.0343    1.0120
    1.0346    1.9007    1.0120
    2.3571    0.2827    0.5030
    2.2881    0.6328    0.5030
    2.1674    0.9686    0.5030
    1.9977    1.2825    0.5030
    1.7830    1.5675    0.5030
    1.5279    1.8170    0.5030
    1.2383    2.0255    0.5030
    1.1288    1.8463    1.0120
    1.3927    1.6563    1.0120
    1.6252    1.4288    1.0120
    1.8210    1.1691    1.0120
    1.9757    0.8829    1.0120
    2.0857    0.5768    1.0120
    2.1486    0.2577    1.0120
    1.1288   -1.8463   -1.0120
    1.3927   -1.6563   -1.0120
    1.6252   -1.4288   -1.0120
    1.8210   -1.1691   -1.0120
    1.9757   -0.8829   -1.0120
    2.0857   -0.5768   -1.0120
    2.1486   -0.2577   -1.0120
    2.3571   -0.2827   -0.5030
    2.2881   -0.6328   -0.5030
    2.1674   -0.9686   -0.5030
    1.9977   -1.2825   -0.5030
    1.7830   -1.5675   -0.5030
    1.5279   -1.8170   -0.5030
    1.2383   -2.0255   -0.5030
   -0.8511   -1.9896   -1.0120
   -0.5433   -2.0947   -1.0120
   -0.2232   -2.1525   -1.0120
    0.1019   -2.1616   -1.0120
    0.4248   -2.1219   -1.0120
    0.7380   -2.0343   -1.0120
    1.0346   -1.9007   -1.0120
    1.1350   -2.0851   -0.5030
    0.8096   -2.2317   -0.5030
    0.4660   -2.3278   -0.5030
    0.1118   -2.3714   -0.5030
   -0.2449   -2.3613   -0.5030
   -0.5960   -2.2980   -0.5030
   -0.9337   -2.1827   -0.5030
   -2.1633   -0.0544   -1.0120
   -2.1307   -0.3780   -1.0120
   -2.0500   -0.6931   -1.0120
   -1.9230   -0.9925   -1.0120
   -1.7525   -1.2695   -1.0120
   -1.5424   -1.5178   -1.0120
   -1.2975   -1.7319   -1.0120
   -1.4234   -1.8999   -0.5030
   -1.6921   -1.6651   -0.5030
   -1.9226   -1.3927   -0.5030
   -2.1096   -1.0888   -0.5030
   -2.2489   -0.7604   -0.5030
   -2.3375   -0.4147   -0.5030
   -2.3733   -0.0597   -0.5030
   -1.2975    1.7319   -1.0120
   -1.5424    1.5178   -1.0120
   -1.7525    1.2695   -1.0120
   -1.9230    0.9925   -1.0120
   -2.0500    0.6931   -1.0120
   -2.1307    0.3780   -1.0120
   -2.1633    0.0544   -1.0120
   -2.3733    0.0597   -0.5030
   -2.3375    0.4147   -0.5030
   -2.2489    0.7604   -0.5030
   -2.1096    1.0888   -0.5030
   -1.9226    1.3927   -0.5030
   -1.6921    1.6651   -0.5030
   -1.4234    1.8999   -0.5030
    1.0346    1.9007   -1.0120
    0.7380    2.0343   -1.0120
    0.4248    2.1219   -1.0120
    0.1019    2.1616   -1.0120
   -0.2232    2.1525   -1.0120
   -0.5433    2.0947   -1.0120
   -0.8511    1.9896   -1.0120
   -0.9337    2.1827   -0.5030
   -0.5960    2.2980   -0.5030
   -0.2449    2.3613   -0.5030
    0.1118    2.3714   -0.5030
    0.4660    2.3278   -0.5030
    0.8096    2.2317   -0.5030
    1.1350    2.0851   -0.5030
    2.1486    0.2577   -1.0120
    2.0857    0.5768   -1.0120
    1.9757    0.8829   -1.0120
    1.8210    1.1691   -1.0120
    1.6252    1.4288   -1.0120
    1.3927    1.6563   -1.0120
    1.1288    1.8463   -1.0120
    1.2383    2.0255   -0.5030
    1.5279    1.8170   -0.5030
    1.7830    1.5675   -0.5030
    1.9977    1.2825   -0.5030
    2.1674    0.9686   -0.5030
    2.2881    0.6328   -0.5030
    2.3571    0.2827   -0.5030
